871 : 13 = ____;64;65;66;67;67;
|468 : 12 = ____;38;39;40;41;39;
|465 : 15 = ____;31;32;33;34;31;
|840 : 21 = ____;38;39;40;41;40;
|902 : 41 = ____;22;23;24;25;22;
|969 : 19 = ____;50;51;52;53;51;
|897 : 23 = ____;37;38;39;40;39;
|736 : 32 = ____;20;21;22;23;23;
|990 : 33 = ____;30;31;32;33;30;
|756 : 14 = ____;51;52;53;54;54;
|990 : 18 = ____;53;55;56;59;55;
|936 : 72 = ____;11;12;13;14;13;
|2,400 : 40 = ____;100;80;60;20;60;
|450 : 15 = ____;60;45;30;15;30;
|780 : 52 = ____;15;16;17;18;15;
|820 : 20 = ____;52;45;41;38;41;