4,444 : 4 = ____;1,111;1,211;1,121;1,311;1,111;
|2313 : 3 = ____;770;771;772;773;771;
|513 : 9 = ____;56;57;58;59;57;
|576 : 9 = ____;113;83;71;64;64;
|3,225 : 5 = ____;620;625;630;645;645;
|456 : 8 = ____;56;57;58;59;57;
|50 : 2 = ____;25;
|630 : 7 = ____;90;91;92;94;90;
|416 : 8 = ____;62;52;42;32;52;|655 : 5 = ____;130;131;132;133;131;
|536 : 8 = ____;65;66;67;68;67;
|405 : 5 = ____;81;
|4,322 : 2 = ____;2,161;2,162;2,163;2,164;2,161;
|300 : 5 = ____;60;
|342 : 6 = ____;56;57;58;59;57;
|981 : 3 = ____;320;325;327;330;327;
